533078
547972
743258
534662
10560
563632
698473
539785
658029
762405
548087
156423
541769
535610
657976
8767
387630
395377
552568
384189
8762
405076
516249
388371
485905
607849
395675
136431
387486
387116
485891
6437
375314
376290
531921
369224
7879
396848
491050
382055
459741
529554
377028
109720
372099
370489
459747
5832
443682
466860
618751
443778
9411
471740
585715
448114
558056
661119
466623
121836
441616
442798
558086
6829
617727
628340
857906
610695
13546
645901
794561
625752
764475
853801
628247
178966
610402
608151
764734
9749
338311
355030
495221
337535
9340
354885
442936
341307
421634
504993
354339
118242
348022
338886
421638
9958
615031
634322
884045
615342
52183
640245
810701
622473
827977
952151
633905
195780
618163
618109
827969
35531
617633
633184
897670
624384
52184
645911
816845
620445
838278
1039985
633100
197465
624430
621795
838297
35531
18268
15222
22957
34920
33406
33103
34341
16605
14907
16834
69153
76730
23589
32582
29165
54737
61082
16491
14886
57312
10993
14396
15253
73119
42586
9832
18736
16434
23048
69097
15575
19865
14593
17022
22265
16063
14391
30172
14415
61082
1910
20967
29936
15285
17688
20707
71830
15481
72418
15963
15390
35728
35014
15158
15325
17307
32708
14270
24268
84574
16560
23017
31271
33805
24856
16337
28527
17007
22495
26010
26001
26898
26904
25748
28268
15443
56846
31105
42463
33806
32087
19122
14509
71408
36738
15061
15599
24245
31657
22685
9833
23227
17352
14218
15232
15539
18917
14411
21712
14929
61082
20525
29604
14745
14834
13514
11768
19100
26018
24115
23402
24504
13078
12265
12733
55535
48797
17830
25431
20777
42256
44596
12291
11136
44154
8379
11113
11776
48249
33478
7625
13858
12360
21262
52977
12256
15098
11142
13571
16237
12514
11841
24335
11181
44595
1557
14152
24006
11846
12861
14928
56588
12113
46394
12375
12010
28665
27582
11884
11415
14050
26738
10884
19978
56402
13087
16666
23886
25486
20654
12026
22341
13767
15159
17890
17890
19079
19080
19830
19499
11912
37747
24935
34152
28055
24360
15139
11117
45238
24482
11851
10738
19711
27060
16475
7632
19340
12781
11228
11074
11693
14234
11274
17496
12449
44595
15191
21890
11750
11227
13642
11617
18026
26466
25582
23510
26503
13486
12119
13078
53655
49489
17308
24312
22379
39707
47226
12407
11449
44686
8940
11345
12086
45757
32519
8093
14412
12844
19480
50545
12484
15132
11466
13074
17310
12989
11475
22230
11578
47223
1289
14464
22271
12487
13276
15392
52009
12784
46556
12758
13181
28477
26734
12092
11400
13901
26937
11235
18865
54564
12847
16810
24281
24888
18545
12383
20647
13569
15682
18870
18863
20177
20177
20460
20450
12408
38452
24097
31830
26354
23724
15471
11393
45621
23622
12510
10954
20605
24191
16600
8034
18599
12952
11054
11633
12424
14986
11510
17849
11943
47224
15122
21020
11931
11504
21352
18443
25789
32895
33579
30907
33994
20675
19056
20153
59496
66424
24198
33527
30961
48605
64115
19657
18204
55349
10881
18108
19037
63342
40225
10386
22007
19971
26064
58618
19552
22849
18176
20294
25159
20173
18213
30759
18196
64118
2033
22637
31286
19087
20723
23191
62596
19777
64014
19704
19586
36806
34269
18683
18342
21388
37313
18068
21594
73860
19866
24795
30556
32762
25386
19733
27270
21749
22452
25611
25626
27047
27049
30778
27464
19133
49886
32066
40075
33120
31483
25427
18194
62514
32926
20233
12504
28213
31110
23884
10340
26612
21823
17897
18470
19146
22609
18253
25725
18929
64114
23032
28004
18696
18316
18268
15222
22957
34920
33406
33103
34341
16605
14907
16834
69153
76730
23589
32582
29165
54737
61082
16491
14886
57312
10993
14396
15253
73119
42586
9832
18736
16434
23048
69097
15575
19865
14593
17022
22265
16063
14391
30172
14415
61082
1910
20967
29936
15285
17688
20707
71830
15481
72418
15963
15390
35728
35014
15158
15325
17307
32708
14270
24268
84574
16560
23017
31271
33805
24856
16337
28527
17007
22495
26010
26001
26898
26904
25748
28268
15443
56846
31105
42463
33806
32087
19122
14509
71408
36738
15061
15599
24245
31657
22685
9833
23227
17352
14218
15232
15539
18917
14411
21712
14929
61082
20525
29604
14745
14834
13514
11768
19100
26018
24115
23402
24504
13078
12265
12733
55535
48797
17830
25431
20777
42256
44596
12291
11136
44154
8379
11113
11776
48249
33478
7625
13858
12360
21262
52977
12256
15098
11142
13571
16237
12514
11841
24335
11181
44595
1557
14152
24006
11846
12861
14928
56588
12113
46394
12375
12010
28665
27582
11884
11415
14050
26738
10884
19978
56402
13087
16666
23886
25486
20654
12026
22341
13767
15159
17890
17890
19079
19080
19830
19499
11912
37747
24935
34152
28055
24360
15139
11117
45238
24482
11851
10738
19711
27060
16475
7632
19340
12781
11228
11074
11693
14234
11274
17496
12449
44595
15191
21890
11750
11227
13642
11617
18026
26466
25582
23510
26503
13486
12119
13078
53655
49489
17308
24312
22379
39707
47226
12407
11449
44686
8940
11345
12086
45757
32519
8093
14412
12844
19480
50545
12484
15132
11466
13074
17310
12989
11475
22230
11578
47223
1289
14464
22271
12487
13276
15392
52009
12784
46556
12758
13181
28477
26734
12092
11400
13901
26937
11235
18865
54564
12847
16810
24281
24888
18545
12383
20647
13569
15682
18870
18863
20177
20177
20460
20450
12408
38452
24097
31830
26354
23724
15471
11393
45621
23622
12510
10954
20605
24191
16600
8034
18599
12952
11054
11633
12424
14986
11510
17849
11943
47224
15122
21020
11931
11504
21352
18443
25789
32895
33579
30907
33994
20675
19056
20153
59496
66424
24198
33527
30961
48605
64115
19657
18204
55349
10881
18108
19037
63342
40225
10386
22007
19971
26064
58618
19552
22849
18176
20294
25159
20173
18213
30759
18196
64118
2033
22637
31286
19087
20723
23191
62596
19777
64014
19704
19586
36806
34269
18683
18342
21388
37313
18068
21594
73860
19866
24795
30556
32762
25386
19733
27270
21749
22452
25611
25626
27047
27049
30778
27464
19133
49886
32066
40075
33120
31483
25427
18194
62514
32926
20233
12504
28213
31110
23884
10340
26612
21823
17897
18470
19146
22609
18253
25725
18929
64114
23032
28004
18696
18316
4743
6431
144076
6202
77994
141086
15913
3899
5765
100693
5101
52634
98063
13755
4232
5098
97580
4761
52383
96127
12448
4326
5484
115884
5210
63972
115043
13069
5814
8309
169188
7916
87548
164762
19324
6019
7624
88644
7268
50255
88176
12948
31984
33687
211398
33606
138678
208331
46229
31984
33687
210945
33606
139108
211294
46351
