117907
121089
146657
117609
1762
131687
151048
118277
132960
146024
121014
42122
117860
117912
132958
1336
97231
101422
121140
96716
1232
109991
120170
97858
111803
125953
101411
42240
96546
97541
111793
646
101290
104371
123467
101177
1811
110409
125755
102619
116025
129838
104405
36268
101000
101357
116017
1083
119881
125535
147420
119124
1522
132648
147161
121574
139954
159742
125484
45608
118935
119643
139996
1742
123107
126936
159175
122761
2524
136987
161625
123964
139548
151329
126978
43422
123249
122961
139587
1716
94649
97358
112032
94297
1879
105258
116691
95481
106569
115315
97003
33502
94486
94901
106550
1122
185381
191398
237498
184589
11213
204367
248789
187878
211921
238564
191274
63157
187544
190115
211921
5804
187298
193812
237934
187252
11213
203447
253188
189923
216098
248423
193574
63963
189989
188914
216093
5804
