1093716
1127228
1690508
1091316
27516
1171732
1965764
1106860
1321060
2008988
1127228
443484
1094964
1094164
1321060
22748
801164
829548
1315876
799380
23972
862396
1591292
811468
981292
1639052
829548
391708
802836
801812
981292
18436
829612
858284
1366580
827812
24004
894436
1627916
840196
1009940
1669276
858284
370428
831340
830092
1009940
18900
936452
971076
1507412
934588
25780
1013524
1763612
947892
1152340
1852756
971076
403260
938852
936948
1152340
20764
1374292
1415772
2095804
1371476
34164
1468180
2364340
1391012
1684804
2420052
1415772
557988
1375796
1375564
1684804
27524
784732
812708
1289100
782940
30892
841948
1562460
795196
953092
1609612
812740
385356
786196
785572
953092
28124
1292612
1335772
2064348
1290908
102236
1371604
2257404
1307876
1669956
2410852
1335740
550092
1301196
1296604
1669956
72404
1300300
1343492
2072916
1298564
102236
1379820
2266500
1315596
1679332
2420004
1343460
550508
1309044
1304260
1679332
72404
41996
34708
53084
75140
70884
68060
73100
39076
36908
41316
154924
153116
53644
78148
67268
119036
131708
44508
33676
122420
28380
34508
36644
142932
112532
25388
42852
37380
50748
148540
36916
46116
32996
40964
50884
37732
33476
67356
33124
131708
5868
47996
66700
36620
40700
48164
152044
36540
142684
37420
35868
81868
83188
36916
35644
41524
74212
33572
58924
168884
39388
50820
66708
71860
57756
37996
63300
39332
51132
59020
59052
72748
72748
62396
60076
35316
128916
72988
99468
77332
84772
42660
32932
138948
80308
36116
38116
55972
74684
53564
25388
54108
38924
33092
35060
37412
45596
33220
48572
35124
131708
46236
65956
33348
33196
33924
27964
48092
59068
55212
52332
57388
32020
30012
33060
128612
106396
42708
62148
55340
96596
104876
37052
27252
101380
24060
27836
29724
98820
92668
21020
34764
30324
46492
118052
29388
37092
26612
33220
41340
30732
26940
53428
26740
104876
5108
37932
52140
29796
33316
37628
118900
29524
99428
30444
29116
65908
66852
29764
28444
33868
60180
27004
47004
125428
31812
39636
57340
55892
44244
31420
48652
31588
40500
46900
46900
52148
52148
49612
45148
28396
97892
64372
76396
65380
68084
34780
26548
95268
60228
29044
29356
50444
59860
42732
21020
48860
35596
26660
28500
30316
37612
26804
38492
28428
104876
37100
51588
26900
26756
35292
29316
49484
61980
58516
55148
60740
33700
31364
34564
128716
112076
43956
62892
57404
97148
110508
38244
28540
106812
25204
29092
31108
103396
93844
22036
37036
32052
47684
118580
30740
38132
27900
34380
43564
31804
28164
55660
27996
110508
5028
39100
52284
31164
34748
39100
120108
31612
104996
31644
30604
66916
67132
31276
29700
35300
64820
28324
46588
130524
33156
41732
59716
58740
43836
32684
48316
32972
41876
48164
48164
53772
53772
51396
47404
29932
103460
65852
77036
65324
68156
36500
27868
99428
62500
30348
30812
51868
60556
43980
22036
50772
37020
27948
29756
31684
39692
28092
40116
29796
110508
38652
51316
28220
28116
44540
38180
58700
73044
70004
66012
72228
42948
40260
44044
140660
146244
53332
73212
70044
110332
132804
47196
37452
122228
27780
37988
40060
139332
107108
24580
46756
41332
56740
130884
40052
47412
36764
43884
56276
40668
37060
65972
36892
132804
6332
48092
61604
39996
43932
48092
133916
40956
138036
40508
39812
78012
76940
40140
38564
44476
78028
37188
50660
165836
42300
51140
69732
70260
53156
41692
57532
42252
50460
57740
57740
63132
63132
62716
57500
38796
125332
75980
87716
75108
78764
47996
36764
131236
74980
39212
32876
60900
70980
54268
24580
60276
48820
36844
38620
40548
50012
36956
49108
38820
132804
47572
61172
37084
37044
41996
34708
53084
75140
70884
68060
73100
39076
36908
41316
154924
153116
53644
78148
67268
119036
131708
44508
33676
122420
28380
34508
36644
142932
112532
25388
42852
37380
50748
148540
36916
46116
32996
40964
50884
37732
33476
67356
33124
131708
5868
47996
66700
36620
40700
48164
152044
36540
142684
37420
35868
81868
83188
36916
35644
41524
74212
33572
58924
168884
39388
50820
66708
71860
57756
37996
63300
39332
51132
59020
59052
72748
72748
62396
60076
35316
128916
72988
99468
77332
84772
42660
32932
138948
80308
36116
38116
55972
74684
53564
25388
54108
38924
33092
35060
37412
45596
33220
48572
35124
131708
46236
65956
33348
33196
33924
27964
48092
59068
55212
52332
57388
32020
30012
33060
128612
106396
42708
62148
55340
96596
104876
37052
27252
101380
24060
27836
29724
98820
92668
21020
34764
30324
46492
118052
29388
37092
26612
33220
41340
30732
26940
53428
26740
104876
5108
37932
52140
29796
33316
37628
118900
29524
99428
30444
29116
65908
66852
29764
28444
33868
60180
27004
47004
125428
31812
39636
57340
55892
44244
31420
48652
31588
40500
46900
46900
52148
52148
49612
45148
28396
97892
64372
76396
65380
68084
34780
26548
95268
60228
29044
29356
50444
59860
42732
21020
48860
35596
26660
28500
30316
37612
26804
38492
28428
104876
37100
51588
26900
26756
35292
29316
49484
61980
58516
55148
60740
33700
31364
34564
128716
112076
43956
62892
57404
97148
110508
38244
28540
106812
25204
29092
31108
103396
93844
22036
37036
32052
47684
118580
30740
38132
27900
34380
43564
31804
28164
55660
27996
110508
5028
39100
52284
31164
34748
39100
120108
31612
104996
31644
30604
66916
67132
31276
29700
35300
64820
28324
46588
130524
33156
41732
59716
58740
43836
32684
48316
32972
41876
48164
48164
53772
53772
51396
47404
29932
103460
65852
77036
65324
68156
36500
27868
99428
62500
30348
30812
51868
60556
43980
22036
50772
37020
27948
29756
31684
39692
28092
40116
29796
110508
38652
51316
28220
28116
44540
38180
58700
73044
70004
66012
72228
42948
40260
44044
140660
146244
53332
73212
70044
110332
132804
47196
37452
122228
27780
37988
40060
139332
107108
24580
46756
41332
56740
130884
40052
47412
36764
43884
56276
40668
37060
65972
36892
132804
6332
48092
61604
39996
43932
48092
133916
40956
138036
40508
39812
78012
76940
40140
38564
44476
78028
37188
50660
165836
42300
51140
69732
70260
53156
41692
57532
42252
50460
57740
57740
63132
63132
62716
57500
38796
125332
75980
87716
75108
78764
47996
36764
131236
74980
39212
32876
60900
70980
54268
24580
60276
48820
36844
38620
40548
50012
36956
49108
38820
132804
47572
61172
37084
37044
12708
18324
285524
17780
158388
284092
39924
10972
16060
215252
15764
119948
214436
37620
11364
16228
222804
15836
124580
221532
38196
11860
16692
264852
16332
150612
263708
39580
16828
23956
364180
23228
197452
360604
50396
19420
24084
210028
23748
115380
210356
41316
62036
67980
457132
68028
307236
456116
105516
62036
67980
460116
68028
309836
459036
105548
