414407
426041
585551
415986
8099
435724
545304
419289
515273
603304
426109
119921
420049
416677
515224
7069
313311
318479
450032
309994
6984
324460
417485
313811
394710
500327
318740
107403
313065
312300
394693
5334
291426
291106
417168
286656
5780
307385
380662
295447
357754
413521
291411
77294
289082
287402
357757
4643
347213
365526
486543
346235
7266
367015
458570
350580
438498
520840
364998
85232
345463
346084
438565
5370
457421
464906
645364
451924
9857
475015
584599
463278
568971
635985
464836
122068
450794
448444
569235
7421
260052
273817
384168
259747
6670
269873
338099
262546
326021
397543
273132
87587
268651
260668
326029
8331
472967
486908
686120
472598
41091
488316
613959
477555
646704
750357
486431
143500
474024
474464
646686
28760
472889
484288
695600
480079
41091
492536
617803
473170
655059
824728
484238
144147
478807
477174
655098
28760
