991149
1021617
1551759
988168
24859
1062152
1758763
1002349
1196734
1868050
1021774
403078
992201
991547
1196723
20955
734407
759038
1219376
731975
21468
790117
1424353
743476
899427
1543560
758878
356511
735773
735658
899418
16885
750388
775474
1249505
748546
21344
807794
1443664
759261
911299
1555249
775589
332259
751502
750690
911296
17283
849294
881591
1380272
847581
23037
917278
1570343
860021
1045144
1726691
881586
362835
850707
849340
1045166
19066
1206241
1243267
1866014
1203762
30714
1288481
2064534
1221196
1476145
2176358
1243433
493210
1206717
1205866
1476408
24751
712502
738527
1184465
710726
27652
762601
1387022
721078
863986
1506623
738542
350225
713413
713863
863994
25720
1170417
1209281
1886857
1168475
90795
1241101
2015776
1182923
1507430
2225931
1209248
494037
1175859
1173001
1507433
64790
1176250
1215253
1895640
1175458
90793
1248103
2023463
1188894
1518122
2233928
1215102
495246
1183543
1179991
1518124
64790
37824
31322
47496
67121
63518
61100
65534
35289
33365
37055
136957
139733
48529
70124
60132
105831
118701
40173
30435
109670
25559
31207
33077
129991
99141
22761
38873
33822
45243
131673
33404
41548
29790
37019
45935
34095
30189
60666
29907
118699
5391
43428
58930
33098
36916
43452
134636
32983
130128
33600
32415
72985
74136
33394
32161
37480
66921
30367
52032
154098
35475
46115
60063
64383
51063
34327
56024
35503
46355
53654
53660
65813
65827
55987
54324
31883
116784
65621
87902
68376
75741
38469
29744
126566
72191
32531
33996
50075
66615
48469
22758
48367
35180
29910
31674
33870
41254
29937
43448
31721
118701
41831
58238
30083
29990
30390
25305
43472
53302
50000
47296
51806
28919
27207
29844
114702
96120
38673
56859
49961
86140
94952
33501
24748
91438
21684
25196
26773
89576
82473
18878
31314
27429
41973
105323
26567
33703
24200
30064
37196
27780
24479
48192
24237
94953
4628
34346
46672
27039
30111
34134
105866
26719
90143
27631
26378
59456
60083
26881
25761
30664
54580
24435
42326
113823
28744
35757
51846
50406
39538
28417
43501
28538
36804
42873
42879
47660
47654
44804
40837
25688
88825
58109
68766
58441
60921
31453
24124
86471
54590
26192
26176
45551
54368
38522
18877
44141
32497
24245
25838
27482
34008
24273
35011
25754
94949
33668
46140
24472
24248
31581
26373
44455
55226
52388
49419
54275
30305
28382
31130
114319
100627
39483
57013
51429
86380
99322
34257
25776
94912
22525
26198
27880
92598
83268
19782
33287
28722
42851
104876
27574
34297
25237
30945
39076
28608
25479
49853
25297
99324
4564
35209
46737
28063
31269
35158
106251
28319
94116
28407
27559
59963
60140
28109
26727
31837
58578
25568
41794
116957
29887
37432
53398
52476
39292
29436
43250
29613
37777
43706
43707
48938
48943
46024
42513
27014
93238
59024
68784
58195
60806
32715
25186
89088
56114
27356
27507
46461
54305
39315
19777
45547
33630
25244
26915
28468
35766
25369
36125
26833
99325
34996
45927
25524
25432
40190
34648
52817
65426
62651
59307
64752
38926
36604
39810
125162
131877
48163
66280
62946
98568
119564
42785
33935
109437
25057
34444
36284
125828
95818
22113
42396
37406
51172
116067
36265
43019
33421
39650
50832
36849
33674
59039
33513
119565
5689
43466
55340
36374
39883
43456
118765
37007
124404
36738
36107
70207
69202
36417
34922
40294
70527
33717
45650
149761
38268
46091
62492
62803
47962
37720
51941
38342
45674
52676
52677
57657
57660
56676
51750
35254
113049
68318
78569
67223
70545
43452
33424
118398
67273
35631
29513
54542
64016
48746
22113
54101
44423
33448
35163
36812
45159
33533
44412
35229
119561
43241
54981
33720
33686
37824
31322
47496
67121
63518
61100
65534
35289
33365
37055
136957
139733
48529
70124
60132
105831
118701
40173
30435
109670
25559
31207
33077
129991
99141
22761
38873
33822
45243
131673
33404
41548
29790
37019
45935
34095
30189
60666
29907
118699
5391
43428
58930
33098
36916
43452
134636
32983
130128
33600
32415
72985
74136
33394
32161
37480
66921
30367
52032
154098
35475
46115
60063
64383
51063
34327
56024
35503
46355
53654
53660
65813
65827
55987
54324
31883
116784
65621
87902
68376
75741
38469
29744
126566
72191
32531
33996
50075
66615
48469
22758
48367
35180
29910
31674
33870
41254
29937
43448
31721
118701
41831
58238
30083
29990
30390
25305
43472
53302
50000
47296
51806
28919
27207
29844
114702
96120
38673
56859
49961
86140
94952
33501
24748
91438
21684
25196
26773
89576
82473
18878
31314
27429
41973
105323
26567
33703
24200
30064
37196
27780
24479
48192
24237
94953
4628
34346
46672
27039
30111
34134
105866
26719
90143
27631
26378
59456
60083
26881
25761
30664
54580
24435
42326
113823
28744
35757
51846
50406
39538
28417
43501
28538
36804
42873
42879
47660
47654
44804
40837
25688
88825
58109
68766
58441
60921
31453
24124
86471
54590
26192
26176
45551
54368
38522
18877
44141
32497
24245
25838
27482
34008
24273
35011
25754
94949
33668
46140
24472
24248
31581
26373
44455
55226
52388
49419
54275
30305
28382
31130
114319
100627
39483
57013
51429
86380
99322
34257
25776
94912
22525
26198
27880
92598
83268
19782
33287
28722
42851
104876
27574
34297
25237
30945
39076
28608
25479
49853
25297
99324
4564
35209
46737
28063
31269
35158
106251
28319
94116
28407
27559
59963
60140
28109
26727
31837
58578
25568
41794
116957
29887
37432
53398
52476
39292
29436
43250
29613
37777
43706
43707
48938
48943
46024
42513
27014
93238
59024
68784
58195
60806
32715
25186
89088
56114
27356
27507
46461
54305
39315
19777
45547
33630
25244
26915
28468
35766
25369
36125
26833
99325
34996
45927
25524
25432
40190
34648
52817
65426
62651
59307
64752
38926
36604
39810
125162
131877
48163
66280
62946
98568
119564
42785
33935
109437
25057
34444
36284
125828
95818
22113
42396
37406
51172
116067
36265
43019
33421
39650
50832
36849
33674
59039
33513
119565
5689
43466
55340
36374
39883
43456
118765
37007
124404
36738
36107
70207
69202
36417
34922
40294
70527
33717
45650
149761
38268
46091
62492
62803
47962
37720
51941
38342
45674
52676
52677
57657
57660
56676
51750
35254
113049
68318
78569
67223
70545
43452
33424
118398
67273
35631
29513
54542
64016
48746
22113
54101
44423
33448
35163
36812
45159
33533
44412
35229
119561
43241
54981
33720
33686
11423
16436
261072
15960
143788
259647
36063
9926
14443
195718
14277
108706
194833
34108
10336
14585
200196
14307
111703
199148
34336
10811
14940
239155
14772
135643
238411
35394
14662
20891
322504
20250
172591
319096
44243
17558
21675
187641
21392
102901
188036
36858
54546
59654
412783
59794
275235
412005
93119
54546
59654
415750
59794
277698
414945
93207
