560233
578848
946759
556250
16942
607672
1266769
566664
662475
1245959
578733
286935
552800
558167
662528
13970
413381
433990
763053
415046
15192
457173
1074800
422936
495179
1030930
433668
255220
415215
414565
495194
11990
454075
481751
834295
458356
16115
497348
1136467
457908
549878
1139297
481015
260532
459007
459361
549872
13048
492476
503900
888207
490505
16356
541441
1177464
499457
593868
1191125
504136
281209
496933
493846
593841
13921
755760
786646
1236803
759974
20609
821445
1568872
764452
919364
1565156
786716
378830
764603
766600
919107
17766
446285
457529
793654
445259
21528
486911
1119230
453753
531259
1104334
458240
267024
438027
446540
531255
18149
677188
701050
1179795
675158
49900
730945
1446166
685022
841081
1458046
701424
354024
682655
678110
841089
36770
682263
709914
1174651
673790
49899
733496
1449077
694770
840519
1379371
709948
352741
684209
682071
840500
36770
23711
19477
30115
40167
37447
34936
38731
22460
21991
24474
85705
76345
30041
45546
38071
64244
70569
28006
18782
65064
17374
20103
21379
69748
69865
15543
24111
20941
27680
79364
21330
26242
18395
23922
28605
21660
19076
37163
18700
70569
3959
27006
36727
21331
23005
27445
80136
21046
70213
21447
20471
46090
48136
21743
20307
24187
41487
19295
34623
84264
22813
27797
35429
38036
32866
21638
34735
22317
28611
32993
33032
45831
45825
36623
31773
19865
72025
41859
56926
43486
52640
23518
18412
67488
43540
21039
22507
31717
43000
30862
15542
30869
21559
18870
19818
21861
26664
18799
26848
20184
70569
25703
36304
18594
18355
20405
16192
28981
33033
31080
28906
32867
18930
17741
20309
73041
57574
24858
36695
34544
54326
60260
24744
16114
57203
15674
16719
17930
50549
59143
13390
20900
17954
25208
65044
17124
21969
15464
19634
25081
18206
15096
29066
15555
60261
3552
23766
28118
17945
20445
22689
62273
17404
52990
18060
17100
37231
39265
17866
17018
19795
33398
16112
27014
68964
18710
22963
33444
30388
23581
19376
26293
17813
25327
28996
28996
33053
33052
29772
25638
16478
60123
39415
42234
37309
43685
19632
15426
49993
35714
17179
18598
30712
32764
26231
13383
29507
22807
15427
17422
18606
23374
15527
20981
15971
60261
21893
29675
15146
15524
21635
17691
31438
35476
32909
31615
34185
20200
19233
21456
75012
62541
26634
38517
35004
57398
63229
25812
17082
62069
16254
17740
19005
57566
61276
13938
22613
19191
28187
67985
18243
22976
16424
21283
26245
18803
16683
33410
16410
63232
3740
24625
29984
18669
21459
23686
68035
18819
58390
18868
17417
38402
40376
19164
18291
21376
37850
17080
27707
75910
20288
24908
35392
33824
25273
20282
27644
19396
26182
29283
29290
33582
33582
30923
26926
17513
64977
41740
45169
38937
44393
21013
16465
53759
38851
17824
19844
31246
36303
27357
13997
32153
24046
16886
18113
19240
24689
16575
22239
17840
63231
23520
30270
16280
16605
23167
19723
32859
40116
36393
35075
38203
22252
21184
23867
81095
79743
29114
39614
39055
61669
68628
27513
19224
66827
16886
19861
20990
75934
66813
14182
24732
21329
30654
72197
20475
24538
18573
23564
31098
20477
18828
35182
18676
68625
4299
25431
30268
20894
23191
24873
71247
21164
73963
20777
20210
41167
42634
21429
20205
23063
40666
19106
29033
91908
22404
26326
39145
37467
27745
21929
30236
20487
27985
32106
32091
36060
36058
31914
29992
19650
75298
43895
47597
41948
47241
22542
18551
68670
42019
18961
20352
32620
39818
30359
14228
33608
26974
18929
20133
21378
27376
18688
23355
19876
68629
24521
33111
18372
18710
23711
19477
30115
40167
37447
34936
38731
22460
21991
24474
85705
76345
30041
45546
38071
64244
70569
28006
18782
65064
17374
20103
21379
69748
69865
15543
24111
20941
27680
79364
21330
26242
18395
23922
28605
21660
19076
37163
18700
70569
3959
27006
36727
21331
23005
27445
80136
21046
70213
21447
20471
46090
48136
21743
20307
24187
41487
19295
34623
84264
22813
27797
35429
38036
32866
21638
34735
22317
28611
32993
33032
45831
45825
36623
31773
19865
72025
41859
56926
43486
52640
23518
18412
67488
43540
21039
22507
31717
43000
30862
15542
30869
21559
18870
19818
21861
26664
18799
26848
20184
70569
25703
36304
18594
18355
20405
16192
28981
33033
31080
28906
32867
18930
17741
20309
73041
57574
24858
36695
34544
54326
60260
24744
16114
57203
15674
16719
17930
50549
59143
13390
20900
17954
25208
65044
17124
21969
15464
19634
25081
18206
15096
29066
15555
60261
3552
23766
28118
17945
20445
22689
62273
17404
52990
18060
17100
37231
39265
17866
17018
19795
33398
16112
27014
68964
18710
22963
33444
30388
23581
19376
26293
17813
25327
28996
28996
33053
33052
29772
25638
16478
60123
39415
42234
37309
43685
19632
15426
49993
35714
17179
18598
30712
32764
26231
13383
29507
22807
15427
17422
18606
23374
15527
20981
15971
60261
21893
29675
15146
15524
21635
17691
31438
35476
32909
31615
34185
20200
19233
21456
75012
62541
26634
38517
35004
57398
63229
25812
17082
62069
16254
17740
19005
57566
61276
13938
22613
19191
28187
67985
18243
22976
16424
21283
26245
18803
16683
33410
16410
63232
3740
24625
29984
18669
21459
23686
68035
18819
58390
18868
17417
38402
40376
19164
18291
21376
37850
17080
27707
75910
20288
24908
35392
33824
25273
20282
27644
19396
26182
29283
29290
33582
33582
30923
26926
17513
64977
41740
45169
38937
44393
21013
16465
53759
38851
17824
19844
31246
36303
27357
13997
32153
24046
16886
18113
19240
24689
16575
22239
17840
63231
23520
30270
16280
16605
23167
19723
32859
40116
36393
35075
38203
22252
21184
23867
81095
79743
29114
39614
39055
61669
68628
27513
19224
66827
16886
19861
20990
75934
66813
14182
24732
21329
30654
72197
20475
24538
18573
23564
31098
20477
18828
35182
18676
68625
4299
25431
30268
20894
23191
24873
71247
21164
73963
20777
20210
41167
42634
21429
20205
23063
40666
19106
29033
91908
22404
26326
39145
37467
27745
21929
30236
20487
27985
32106
32091
36060
36058
31914
29992
19650
75298
43895
47597
41948
47241
22542
18551
68670
42019
18961
20352
32620
39818
30359
14228
33608
26974
18929
20133
21378
27376
18688
23355
19876
68629
24521
33111
18372
18710
7951
11871
141370
11561
80333
142919
23995
7060
10276
114495
10652
67285
116306
23854
7126
11118
125153
11060
72144
125341
25736
7524
11188
148889
11110
86588
148583
26486
11003
15623
194757
15284
109804
195613
31049
13396
16451
121315
16470
65087
122109
28355
29980
34203
245502
34332
168350
247561
59185
29980
34203
248944
34332
170530
247524
59098
