1676
1758
2425
1674
49
1768
2243
1708
2016
2246
1758
350
1689
1676
2016
40
1404
1480
2033
1403
42
1474
1887
1432
1688
1892
1480
232
1417
1406
1688
35
1357
1432
1973
1356
41
1425
1824
1385
1637
1832
1432
185
1370
1359
1637
34
1292
1360
1862
1291
42
1357
1731
1317
1553
1741
1360
167
1305
1294
1553
31
1675
1757
2424
1673
49
1768
2242
1707
2015
2245
1757
350
1688
1675
2015
40
1441
1514
2080
1439
50
1509
1922
1468
1736
1947
1514
236
1453
1442
1736
42
1303
1368
1855
1301
67
1356
1734
1325
1558
1753
1368
244
1312
1304
1558
47
1303
1368
1855
1301
67
1356
1734
1325
1558
1753
1368
244
1312
1304
1558
47
114
102
134
220
210
208
212
105
101
116
342
311
162
143
161
269
347
105
98
317
88
98
106
284
177
86
120
105
125
350
104
118
97
108
140
104
97
193
97
347
9
119
135
103
107
133
380
102
278
106
101
156
155
105
102
118
166
97
122
320
112
159
192
226
117
101
122
105
119
125
125
125
125
158
190
104
317
163
185
155
139
116
97
271
209
102
119
140
168
137
86
133
115
97
98
106
129
97
110
103
347
122
135
97
98
90
79
102
166
157
154
159
82
80
95
257
219
119
100
118
193
253
81
77
233
68
75
81
207
137
67
92
82
98
257
81
88
76
83
111
79
76
147
76
253
6
91
104
80
83
100
276
78
201
83
80
105
120
79
77
85
120
75
89
232
82
121
147
165
85
79
89
82
91
97
97
97
97
119
140
81
228
120
129
115
101
93
76
194
146
81
79
106
123
97
67
99
90
75
76
80
105
76
85
80
253
96
94
76
76
89
81
103
163
154
150
156
82
82
97
254
200
119
101
111
186
238
82
79
221
70
77
83
192
137
69
91
82
99
250
82
88
78
82
109
80
78
147
78
238
6
92
104
80
81
101
271
78
185
85
80
100
119
81
77
87
117
77
91
217
84
121
146
162
87
81
89
81
93
98
98
98
98
115
135
83
219
117
130
114
96
92
78
182
141
83
80
107
123
95
69
98
90
77
78
82
105
78
87
82
238
98
96
78
78
88
80
101
147
139
136
141
81
81
92
239
172
114
91
110
178
217
80
78
201
69
76
81
165
129
68
86
80
98
235
81
87
77
81
106
79
77
142
77
217
6
90
102
79
80
99
244
77
164
84
78
96
116
80
76
86
113
76
88
193
81
117
140
146
84
79
87
80
90
96
96
96
96
112
129
82
199
117
122
112
93
90
77
162
134
82
75
105
112
93
68
97
90
76
77
81
100
77
84
81
217
96
92
77
77
114
102
134
220
210
208
212
105
101
116
342
311
162
143
161
269
347
105
98
317
88
98
106
284
177
86
120
105
125
350
104
118
97
108
140
104
97
193
97
347
9
119
135
103
107
133
380
102
278
106
101
156
155
105
102
118
166
97
122
320
112
159
192
226
117
101
122
105
119
125
125
125
125
158
190
104
317
163
185
155
139
116
97
271
209
102
119
140
168
137
86
133
115
97
98
106
129
97
110
103
347
122
135
97
98
90
79
102
166
157
154
159
82
80
95
257
219
119
100
118
193
253
81
77
233
68
75
81
207
137
67
92
82
98
257
81
88
76
83
111
79
76
147
76
253
6
91
104
80
83
100
276
78
201
83
80
105
120
79
77
85
120
75
89
232
82
121
147
165
85
79
89
82
91
97
97
97
97
119
140
81
228
120
129
115
101
93
76
194
146
81
79
106
123
97
67
99
90
75
76
80
105
76
85
80
253
96
94
76
76
89
81
103
163
154
150
156
82
82
97
254
200
119
101
111
186
238
82
79
221
70
77
83
192
137
69
91
82
99
250
82
88
78
82
109
80
78
147
78
238
6
92
104
80
81
101
271
78
185
85
80
100
119
81
77
87
117
77
91
217
84
121
146
162
87
81
89
81
93
98
98
98
98
115
135
83
219
117
130
114
96
92
78
182
141
83
80
107
123
95
69
98
90
77
78
82
105
78
87
82
238
98
96
78
78
88
80
101
147
139
136
141
81
81
92
239
172
114
91
110
178
217
80
78
201
69
76
81
165
129
68
86
80
98
235
81
87
77
81
106
79
77
142
77
217
6
90
102
79
80
99
244
77
164
84
78
96
116
80
76
86
113
76
88
193
81
117
140
146
84
79
87
80
90
96
96
96
96
112
129
82
199
117
122
112
93
90
77
162
134
82
75
105
112
93
68
97
90
76
77
81
100
77
84
81
217
96
92
77
77
39
49
676
46
301
666
82
34
42
528
39
207
527
69
32
40
498
37
200
499
66
32
40
439
37
175
447
64
39
49
682
46
301
672
82
41
49
542
46
220
542
76
57
62
455
60
192
462
87
57
62
455
60
192
462
87
